Date,Time,Open,High,Low,Close,Volume,OpenInt
2016-11-01,14:35:00,42.76,43.63,42.58,43.03,9600,0
2016-11-01,14:40:00,43.01,43.01,42,42.28,10461,0
2016-11-01,14:45:00,42.405,42.6,42.16,42.57,11850,0
2016-11-01,14:50:00,42.39,42.6066,42.26,42.4,17551,0
2016-11-01,14:55:00,42.44,42.75,42.33,42.64,26350,0
2016-11-01,15:00:00,42.64,42.6827,42.53,42.63,5756,0
2016-11-01,15:05:00,42.65,42.69,42.37,42.375,7305,0
2016-11-01,15:10:00,42.275,42.51,42.275,42.44,7000,0
2016-11-01,15:15:00,42.46,42.68,42.445,42.6,5900,0
2016-11-01,15:20:00,42.67,42.695,42.58,42.645,11050,0
2016-11-01,15:25:00,42.68,42.8,42.56,42.56,7100,0
2016-11-01,15:30:00,42.6,42.6,42.37,42.42,9241,0
2016-11-01,15:35:00,42.45,42.5,42.31,42.32,9300,0
2016-11-01,15:40:00,42.32,42.47,42.25,42.46,10300,0
2016-11-01,15:45:00,42.5,42.59,42.08,42.08,11700,0
2016-11-01,15:50:00,42.07,42.24,41.91,42.09,8993,0
2016-11-01,15:55:00,42.1,42.35,42.1,42.22,7817,0
2016-11-01,16:00:00,42.22,42.22,42.08,42.12,3050,0
2016-11-01,16:05:00,42.075,42.32,42.075,42.25,4800,0
2016-11-01,16:10:00,42.17,42.24,41.83,41.85,14725,0
2016-11-01,16:15:00,41.85,41.91,41.72,41.875,13707,0
2016-11-01,16:20:00,41.87,41.93,41.7,41.89,8304,0
2016-11-01,16:25:00,41.9319,41.97,41.71,41.72,8055,0
2016-11-01,16:30:00,41.73,41.91,41.73,41.89,8288,0
2016-11-01,16:35:00,41.89,41.89,41.75,41.75,4481,0
2016-11-01,16:40:00,41.77,41.91,41.77,41.785,3700,0
2016-11-01,16:45:00,41.85,41.85,41.74,41.8,4100,0
2016-11-01,16:50:00,41.84,42.015,41.79,41.85,15472,0
2016-11-01,16:55:00,41.845,41.99,41.79,41.99,18100,0
2016-11-01,17:00:00,41.97,42.12,41.96,42.12,5328,0
2016-11-01,17:05:00,42.18,42.18,41.91,42.03,11900,0
2016-11-01,17:10:00,42.02,42.09,42.01,42.0675,3260,0
2016-11-01,17:15:00,42.07,42.17,42.03,42.09,6123,0
2016-11-01,17:20:00,42.08,42.26,42.03,42.085,11254,0
2016-11-01,17:25:00,42.06,42.185,42.05,42.185,1900,0
2016-11-01,17:30:00,42.17,42.19,42.01,42.1,4700,0
2016-11-01,17:35:00,42.13,42.16,42,42.11,3100,0
2016-11-01,17:40:00,42.145,42.205,42.09,42.204,3800,0
2016-11-01,17:45:00,42.19,42.26,42.09,42.09,2900,0
2016-11-01,17:50:00,42.11,42.18,42.09,42.14,2500,0
2016-11-01,17:55:00,42.05,42.19,42.05,42.13,6000,0
2016-11-01,18:00:00,42.08,42.12,42.07,42.1,2300,0
2016-11-01,18:05:00,42.13,42.1642,42.07,42.1642,2920,0
2016-11-01,18:10:00,42.1,42.15,42.01,42.13,5680,0
2016-11-01,18:15:00,42.13,42.14,42.08,42.14,2900,0
2016-11-01,18:20:00,42.1,42.138,42.06,42.1,6300,0
2016-11-01,18:25:00,42.11,42.19,42.05,42.18,5300,0
2016-11-01,18:30:00,42.19,42.25,42.155,42.25,5198,0
2016-11-01,18:35:00,42.25,42.25,41.97,42.02,5227,0
2016-11-01,18:40:00,41.94,41.9776,41.86,41.905,4196,0
2016-11-01,18:45:00,41.92,42.04,41.905,42.04,17488,0
2016-11-01,18:50:00,42.06,42.06,41.97,41.98,5131,0
2016-11-01,18:55:00,42.01,42.03,41.97,42.03,6563,0
2016-11-01,19:00:00,42.05,42.06,41.91,42.01,8100,0
2016-11-01,19:05:00,42.01,42.03,41.945,42,15756,0
2016-11-01,19:10:00,41.99,42.015,41.71,41.88,26396,0
2016-11-01,19:15:00,41.885,41.9161,41.865,41.89,4487,0
2016-11-01,19:20:00,41.78,41.78,41.55,41.7,14680,0
2016-11-01,19:25:00,41.72,41.7901,41.675,41.69,11600,0
2016-11-01,19:30:00,41.72,41.97,41.72,41.97,7202,0
2016-11-01,19:35:00,41.94,42.015,41.81,41.97,7200,0
2016-11-01,19:40:00,41.97,42.02,41.94,41.98,5500,0
2016-11-01,19:45:00,41.94,41.99,41.84,41.96,6200,0
2016-11-01,19:50:00,41.98,42.02,41.94,41.99,13820,0
2016-11-01,19:55:00,41.985,42.37,41.89,42.26,21583,0
2016-11-01,20:00:00,42.26,42.26,42.1,42.19,12792,0
2016-11-01,20:05:00,42.19,42.199,42.06,42.08,5878,0
2016-11-01,20:10:00,42.17,42.35,42.13,42.35,9317,0
2016-11-01,20:15:00,42.3,42.34,42.22,42.25,3030,0
2016-11-01,20:20:00,42.22,42.35,42.17,42.26,10669,0
2016-11-01,20:25:00,42.23,42.27,42.12,42.12,5267,0
2016-11-01,20:30:00,42.2,42.2,42.05,42.15,8375,0
2016-11-01,20:35:00,42.15,42.18,42.06,42.1289,5863,0
2016-11-01,20:40:00,42.12,42.36,42.11,42.355,12415,0
2016-11-01,20:45:00,42.33,42.335,42.25,42.32,6147,0
2016-11-01,20:50:00,42.345,42.53,42.26,42.53,29615,0
2016-11-01,20:55:00,42.51,42.61,42.46,42.59,15366,0
2016-11-01,21:00:00,42.585,42.585,42.36,42.49,54227,0
2016-11-02,14:35:00,41.77,42.08,41.75,41.8,11971,0
2016-11-02,14:40:00,41.8,42.2199,41.77,42.095,9425,0
2016-11-02,14:45:00,42.02,42.14,41.88,42.05,7245,0
2016-11-02,14:50:00,41.96,42.13,41.63,41.63,15336,0
2016-11-02,14:55:00,41.63,41.73,41.36,41.7,15280,0
2016-11-02,15:00:00,41.68,42,41.67,41.925,9340,0
2016-11-02,15:05:00,41.88,42.02,41.67,42.02,12069,0
2016-11-02,15:10:00,41.95,42.01,41.75,41.78,4500,0
2016-11-02,15:15:00,41.84,41.85,41.64,41.745,12650,0
2016-11-02,15:20:00,41.745,41.9,41.56,41.61,6900,0
2016-11-02,15:25:00,41.56,41.6599,41.4,41.405,8250,0
2016-11-02,15:30:00,41.37,41.57,41.2801,41.35,15031,0
2016-11-02,15:35:00,41.35,41.37,40.78,40.83,25230,0
2016-11-02,15:40:00,40.81,41.1499,40.775,41.07,9250,0
2016-11-02,15:45:00,41.1,41.1263,40.63,40.75,10617,0
2016-11-02,15:50:00,40.76,40.83,40.69,40.705,16550,0
2016-11-02,15:55:00,40.69,40.8,40.54,40.64,11246,0
2016-11-02,16:00:00,40.65,40.71,40.32,40.32,9751,0
2016-11-02,16:05:00,40.32,40.6,40.32,40.39,10054,0
2016-11-02,16:10:00,40.35,40.65,40.29,40.65,5300,0
2016-11-02,16:15:00,40.64,40.64,40.42,40.42,3600,0
2016-11-02,16:20:00,40.47,40.6,40.4,40.595,4724,0
2016-11-02,16:25:00,40.595,40.695,40.49,40.66,23759,0
2016-11-02,16:30:00,40.7131,40.96,40.61,40.87,10613,0
2016-11-02,16:35:00,40.92,40.93,40.81,40.89,7800,0
2016-11-02,16:40:00,40.81,40.92,40.6908,40.87,9725,0
2016-11-02,16:45:00,40.84,40.91,40.57,40.8197,11300,0
2016-11-02,16:50:00,40.7401,41.08,40.73,40.95,14569,0
2016-11-02,16:55:00,40.94,40.94,40.65,40.65,2877,0
2016-11-02,17:00:00,40.6,40.67,40.54,40.59,12700,0
2016-11-02,17:05:00,40.56,40.62,40.51,40.54,19671,0
2016-11-02,17:10:00,40.49,40.49,40.28,40.39,6796,0
2016-11-02,17:15:00,40.39,40.408,40.26,40.32,1800,0
2016-11-02,17:20:00,40.32,40.32,40.2,40.24,4850,0
2016-11-02,17:25:00,40.2348,40.37,40.17,40.27,11254,0
2016-11-02,17:30:00,40.27,40.6,40.27,40.53,6400,0
2016-11-02,17:35:00,40.54,40.57,40.48,40.53,3200,0
2016-11-02,17:40:00,40.53,40.63,40.53,40.57,4000,0
2016-11-02,17:45:00,40.61,40.77,40.57,40.74,3500,0
2016-11-02,17:50:00,40.73,40.77,40.67,40.7,2700,0
2016-11-02,17:55:00,40.67,40.72,40.63,40.64,3466,0
2016-11-02,18:00:00,40.64,40.73,40.62,40.716,2490,0
2016-11-02,18:05:00,40.65,40.7667,40.52,40.5301,3850,0
2016-11-02,18:10:00,40.575,40.575,40.37,40.4,4005,0
2016-11-02,18:15:00,40.37,40.49,40.37,40.41,3808,0
2016-11-02,18:20:00,40.41,40.46,40.4,40.41,16268,0
2016-11-02,18:25:00,40.42,40.445,40.4,40.4,7466,0
2016-11-02,18:30:00,40.4,40.45,40.4,40.45,2900,0
2016-11-02,18:35:00,40.41,40.529,40.4,40.43,4100,0
2016-11-02,18:40:00,40.41,40.43,40.32,40.34,2700,0
2016-11-02,18:45:00,40.4,40.4,40.3,40.32,3730,0
2016-11-02,18:50:00,40.36,40.37,40.115,40.129,7300,0
2016-11-02,18:55:00,40.1918,40.1918,40.03,40.06,10104,0
2016-11-02,19:00:00,40.04,40.1201,40.02,40.0807,6868,0
2016-11-02,19:05:00,40.13,40.37,40.02,40.05,28823,0
2016-11-02,19:10:00,40.05,40.12,40.02,40.02,12750,0
2016-11-02,19:15:00,40.04,40.09,38.35,39.91,82737,0
2016-11-02,19:20:00,39.855,39.92,39.6,39.61,11222,0
2016-11-02,19:25:00,39.8,39.8,39.37,39.46,25911,0
2016-11-02,19:30:00,39.48,39.685,39.4575,39.55,11223,0
2016-11-02,19:35:00,39.59,39.6,39.26,39.44,16652,0
2016-11-02,19:40:00,39.44,39.74,39.39,39.7,14052,0
2016-11-02,19:45:00,39.7,39.795,39.6,39.615,6512,0
2016-11-02,19:50:00,39.46,39.66,39.43,39.5,5010,0
2016-11-02,19:55:00,39.49,39.54,39.4295,39.45,5300,0
2016-11-02,20:00:00,39.525,39.595,39.3742,39.48,6350,0
2016-11-02,20:05:00,39.42,39.51,39.31,39.45,33684,0
2016-11-02,20:10:00,39.45,39.455,39.25,39.325,10594,0
2016-11-02,20:15:00,39.325,39.33,39.24,39.3,3950,0
2016-11-02,20:20:00,39.25,39.25,39.01,39.11,11342,0
2016-11-02,20:25:00,39.14,39.18,38.99,39.05,7200,0
2016-11-02,20:30:00,39.055,39.14,38.73,39.13,26326,0
2016-11-02,20:35:00,39.0788,39.21,39.065,39.21,12833,0
2016-11-02,20:40:00,39.22,39.44,39.22,39.355,23863,0
2016-11-02,20:45:00,39.36,39.63,39.34,39.61,34054,0
2016-11-02,20:50:00,39.595,39.86,39.5,39.755,24011,0
2016-11-02,20:55:00,39.73,39.74,39.35,39.58,50578,0
2016-11-02,21:00:00,39.58,40,39.53,39.56,100202,0
2016-11-03,14:35:00,39.53,39.53,38.87,39.06,11105,0
2016-11-03,14:40:00,39.08,39.08,38.1,38.85,18826,0
2016-11-03,14:45:00,38.9107,39.77,38.9107,39.4195,14470,0
2016-11-03,14:50:00,39.54,39.6,39.22,39.34,8000,0
2016-11-03,14:55:00,39.325,39.56,39.03,39.445,11800,0
2016-11-03,15:00:00,39.37,39.37,38.87,39.09,10176,0
2016-11-03,15:05:00,38.97,39.18,38.71,38.8,16380,0
2016-11-03,15:10:00,38.8,38.81,38.5,38.675,23934,0
2016-11-03,15:15:00,38.675,38.71,37.65,37.845,50395,0
2016-11-03,15:20:00,37.888,37.95,37.5,37.5729,26438,0
2016-11-03,15:25:00,37.57,37.85,37.53,37.6601,15106,0
2016-11-03,15:30:00,37.7,37.81,37.17,37.17,25200,0
2016-11-03,15:35:00,37.32,37.56,37.25,37.25,25283,0
2016-11-03,15:40:00,37.4,37.7,37.24,37.24,21238,0
2016-11-03,15:45:00,37.23,37.35,36.5,36.5648,53455,0
2016-11-03,15:50:00,36.65,36.74,36.34,36.56,46993,0
2016-11-03,15:55:00,36.56,37.04,36.18,36.77,62966,0
2016-11-03,16:00:00,36.77,36.84,36.36,36.49,38630,0
2016-11-03,16:05:00,36.6,36.6,36.15,36.25,55439,0
2016-11-03,16:10:00,36.32,36.85,35.92,36.82,56230,0
2016-11-03,16:15:00,36.815,37.07,36.65,37.01,51317,0
2016-11-03,16:20:00,36.99,37.06,36.34,36.93,59391,0
2016-11-03,16:25:00,36.94,36.95,36.51,36.6,40269,0
2016-11-03,16:30:00,36.6,36.9,36.56,36.69,28464,0
2016-11-03,16:35:00,36.74,36.99,36.69,36.955,32790,0
2016-11-03,16:40:00,37.05,37.9,37.04,37.395,77563,0
2016-11-03,16:45:00,37.52,38.47,37.405,38.39,50173,0
2016-11-03,16:50:00,38.265,38.59,38.02,38.07,44292,0
2016-11-03,16:55:00,38,38.095,37.47,38.02,25600,0
2016-11-03,17:00:00,38.13,38.22,37.59,37.65,44573,0
2016-11-03,17:05:00,37.895,38.21,37.58,37.75,11795,0
2016-11-03,17:10:00,37.7,37.7,37.59,37.62,2800,0
2016-11-03,17:15:00,37.615,37.99,37.53,37.8,17298,0
2016-11-03,17:20:00,37.88,37.94,37.65,37.65,6069,0
2016-11-03,17:25:00,37.71,37.84,37.58,37.79,14594,0
2016-11-03,17:30:00,37.76,37.76,37.595,37.595,28582,0
2016-11-03,17:35:00,37.62,37.68,37.51,37.54,7300,0
2016-11-03,17:40:00,37.54,37.73,37.41,37.455,46426,0
2016-11-03,17:45:00,37.485,37.5,37.13,37.195,8250,0
2016-11-03,17:50:00,37.13,37.17,36.76,36.94,32425,0
2016-11-03,17:55:00,36.885,37.44,36.6,37.35,41065,0
2016-11-03,18:00:00,37.3,37.3,37.08,37.11,11800,0
2016-11-03,18:05:00,37.095,37.11,36.99,37.07,22544,0
2016-11-03,18:10:00,37.06,37.233,37.05,37.15,20798,0
2016-11-03,18:15:00,37.17,37.78,37.1132,37.44,20266,0
2016-11-03,18:20:00,37.36,37.68,37.36,37.6,13857,0
2016-11-03,18:25:00,37.69,37.69,37.59,37.605,2100,0
2016-11-03,18:30:00,37.59,37.95,37.59,37.93,19651,0
2016-11-03,18:35:00,37.8778,38.24,37.8778,38,17963,0
2016-11-03,18:40:00,38.09,38.22,38.04,38.15,5550,0
2016-11-03,18:45:00,38.16,38.16,38.05,38.075,4199,0
2016-11-03,18:50:00,38.1,38.46,38.1,38.34,28686,0
2016-11-03,18:55:00,38.34,38.39,38.18,38.35,7284,0
2016-11-03,19:00:00,38.3,38.34,37.94,37.94,5726,0
2016-11-03,19:05:00,37.98,38.08,37.93,37.99,9100,0
2016-11-03,19:10:00,38.005,38.005,37.83,37.97,4400,0
2016-11-03,19:15:00,37.97,37.97,37.46,37.46,5900,0
2016-11-03,19:20:00,37.525,37.78,37.525,37.68,4350,0
2016-11-03,19:25:00,37.64,37.89,37.64,37.88,2240,0
2016-11-03,19:30:00,37.77,37.78,37.445,37.5,7670,0
2016-11-03,19:35:00,37.48,37.79,37.48,37.65,14355,0
2016-11-03,19:40:00,37.75,37.75,37.55,37.7,11885,0
2016-11-03,19:45:00,37.62,37.635,37.52,37.535,2461,0
2016-11-03,19:50:00,37.49,37.63,37.42,37.63,3300,0
2016-11-03,19:55:00,37.63,37.73,37.47,37.47,5300,0
2016-11-03,20:00:00,37.48,37.57,37.306,37.355,7039,0
2016-11-03,20:05:00,37.355,37.41,37.32,37.35,5300,0
2016-11-03,20:10:00,37.3,37.3,37.09,37.11,11329,0
2016-11-03,20:15:00,37.13,37.19,37.04,37.19,9354,0
2016-11-03,20:20:00,37.15,37.405,37.15,37.27,11924,0
2016-11-03,20:25:00,37.28,37.35,37.18,37.18,12204,0
2016-11-03,20:30:00,37.2,37.24,37.1,37.17,14345,0
2016-11-03,20:35:00,37.17,37.25,36.99,36.99,27094,0
2016-11-03,20:40:00,36.99,37.02,36.77,36.85,21558,0
2016-11-03,20:45:00,36.79,36.99,36.77,36.97,15916,0
2016-11-03,20:50:00,36.99,37.07,36.85,36.895,13983,0
2016-11-03,20:55:00,36.86,36.88,36.61,36.78,40595,0
2016-11-03,21:00:00,36.76,36.94,36.71,36.8,111789,0
2016-11-04,14:35:00,36.82,38.15,36.82,38.15,15285,0
2016-11-04,14:40:00,38.07,38.17,37.81,37.81,18656,0
2016-11-04,14:45:00,37.87,38.13,37.39,37.45,13206,0
2016-11-04,14:50:00,37.256,37.84,37.256,37.74,7844,0
2016-11-04,14:55:00,37.78,38.12,37.704,37.96,15787,0
2016-11-04,15:00:00,37.96,38.025,37.77,37.83,8211,0
2016-11-04,15:05:00,37.8844,38.32,37.85,38.11,7800,0
2016-11-04,15:10:00,38.09,38.26,38.01,38.17,3724,0
2016-11-04,15:15:00,38.16,38.28,38.05,38.085,6278,0
2016-11-04,15:20:00,38.16,38.58,38.16,38.51,7487,0
2016-11-04,15:25:00,38.5,38.56,38.272,38.49,6506,0
2016-11-04,15:30:00,38.49,38.69,38.49,38.66,6906,0
2016-11-04,15:35:00,38.67,38.69,38.5,38.5,16650,0
2016-11-04,15:40:00,38.4076,38.7,38.28,38.7,19630,0
2016-11-04,15:45:00,38.75,39.16,38.75,39.16,17849,0
2016-11-04,15:50:00,39.15,39.55,39.07,39.45,18600,0
2016-11-04,15:55:00,39.52,39.75,39.45,39.561,35845,0
2016-11-04,16:00:00,39.5115,39.66,39.43,39.66,4838,0
2016-11-04,16:05:00,39.66,39.76,39.61,39.75,5644,0
2016-11-04,16:10:00,39.68,39.71,39.31,39.42,12812,0
2016-11-04,16:15:00,39.43,39.61,39.39,39.61,2950,0
2016-11-04,16:20:00,39.625,39.74,39.57,39.65,6461,0
2016-11-04,16:25:00,39.531,39.74,39.5277,39.74,3250,0
2016-11-04,16:30:00,39.74,39.86,39.5806,39.86,7437,0
2016-11-04,16:35:00,39.85,39.93,39.74,39.77,2368,0
2016-11-04,16:40:00,39.72,39.89,39.715,39.765,10309,0
2016-11-04,16:45:00,39.765,40.06,39.74,40,8362,0
2016-11-04,16:50:00,39.99,40.025,39.85,39.92,8118,0
2016-11-04,16:55:00,39.87,40.13,39.83,40.13,4000,0
2016-11-04,17:00:00,40.05,40.13,40.02,40.11,7200,0
2016-11-04,17:05:00,40.15,40.33,40.14,40.21,4805,0
2016-11-04,17:10:00,40.16,40.16,39.79,39.79,20330,0
2016-11-04,17:15:00,39.78,40.15,39.7,40.15,9314,0
2016-11-04,17:20:00,40.15,40.31,40.04,40.04,11373,0
2016-11-04,17:25:00,40.07,40.4,40.01,40.39,7848,0
2016-11-04,17:30:00,40.4,40.74,40.4,40.69,19697,0
2016-11-04,17:35:00,40.65,40.67,40.37,40.47,17714,0
2016-11-04,17:40:00,40.42,40.53,40.37,40.37,15570,0
2016-11-04,17:45:00,40.37,40.595,40.35,40.595,7350,0
2016-11-04,17:50:00,40.62,40.62,40.46,40.555,7463,0
2016-11-04,17:55:00,40.58,40.97,40.58,40.97,8254,0
2016-11-04,18:00:00,40.94,40.97,40.86,40.91,11662,0
2016-11-04,18:05:00,40.865,40.865,40.46,40.46,7300,0
2016-11-04,18:10:00,40.46,40.54,40.4,40.44,14696,0
2016-11-04,18:15:00,40.43,40.5,40.35,40.38,11046,0
2016-11-04,18:20:00,40.38,40.4,40.28,40.4,12718,0
2016-11-04,18:25:00,40.33,40.5,40.3,40.36,10262,0
2016-11-04,18:30:00,40.39,40.55,40.39,40.524,8350,0
2016-11-04,18:35:00,40.5,40.5,40.43,40.48,3849,0
2016-11-04,18:40:00,40.49,40.55,40.38,40.47,18309,0
2016-11-04,18:45:00,40.46,40.55,40.46,40.55,3787,0
2016-11-04,18:50:00,40.56,40.56,40.44,40.47,9450,0
2016-11-04,18:55:00,40.5,40.56,40.47,40.48,13154,0
2016-11-04,19:00:00,40.53,40.59,40.51,40.57,2600,0
2016-11-04,19:05:00,40.57,40.57,40.38,40.38,2300,0
2016-11-04,19:10:00,40.34,40.36,40.24,40.25,3424,0
2016-11-04,19:15:00,40.18,40.3,40.15,40.245,6011,0
2016-11-04,19:20:00,40.26,40.27,40.2,40.25,3820,0
2016-11-04,19:25:00,40.26,40.3,40.19,40.27,15044,0
2016-11-04,19:30:00,40.27,40.275,40.055,40.21,18872,0
2016-11-04,19:35:00,40.25,40.25,40.06,40.23,9184,0
2016-11-04,19:40:00,40.23,40.23,40.08,40.11,11764,0
2016-11-04,19:45:00,40.15,40.24,40.13,40.21,13202,0
2016-11-04,19:50:00,40.2339,40.24,40.18,40.19,3985,0
2016-11-04,19:55:00,40.19,40.26,40.19,40.2,2210,0
2016-11-04,20:00:00,40.2,40.2699,40.16,40.16,6330,0
2016-11-04,20:05:00,40.12,40.16,39.99,39.99,7125,0
2016-11-04,20:10:00,39.965,40.12,39.9579,40.03,15919,0
2016-11-04,20:15:00,40.04,40.18,40.04,40.12,5274,0
2016-11-04,20:20:00,40.12,40.19,40.09,40.09,6110,0
2016-11-04,20:25:00,40.04,40.135,40.04,40.13,6393,0
2016-11-04,20:30:00,40.16,40.16,40.07,40.09,5901,0
2016-11-04,20:35:00,40.1,40.12,39.945,39.945,7610,0
2016-11-04,20:40:00,39.97,40.16,39.88,40.15,12604,0
2016-11-04,20:45:00,40.2,40.21,40.065,40.15,8985,0
2016-11-04,20:50:00,40.14,40.18,40.04,40.18,22963,0
2016-11-04,20:55:00,40.17,40.19,39.91,40.01,37564,0
2016-11-04,21:00:00,39.98,40.14,39.98,40.07,106216,0
2016-11-07,15:35:00,41.19,42,40.43,40.9001,45519,0
2016-11-07,15:40:00,41.1378,41.1378,40.32,40.75,3736,0
2016-11-07,15:45:00,40.76,41.54,40.76,41.32,11558,0
2016-11-07,15:50:00,41.21,42,41.1,41.85,42209,0
2016-11-07,15:55:00,41.916,42.64,41.82,42.11,14409,0
2016-11-07,16:00:00,42.05,42.24,41.868,42.125,15347,0
2016-11-07,16:05:00,42.09,42.13,41.4,41.6,13973,0
2016-11-07,16:10:00,41.52,41.82,41.42,41.52,39312,0
2016-11-07,16:15:00,41.52,41.61,41.21,41.28,17797,0
2016-11-07,16:20:00,41.28,41.41,41.16,41.265,10804,0
2016-11-07,16:25:00,41.3,41.32,41.18,41.2572,5866,0
2016-11-07,16:30:00,41.24,41.25,41.08,41.25,5098,0
2016-11-07,16:35:00,41.25,41.45,41.18,41.35,7697,0
2016-11-07,16:40:00,41.5,41.5,41.19,41.42,5224,0
2016-11-07,16:45:00,41.43,41.43,41.25,41.34,5404,0
2016-11-07,16:50:00,41.43,41.43,41.19,41.365,5690,0
2016-11-07,16:55:00,41.355,41.4,41.23,41.38,2300,0
2016-11-07,17:00:00,41.42,41.42,41.42,41.42,300,0
2016-11-07,17:05:00,41.31,41.44,41.3,41.42,3850,0
2016-11-07,17:10:00,41.48,41.51,41.26,41.26,3170,0
2016-11-07,17:15:00,41.31,41.47,41.285,41.408,2500,0
2016-11-07,17:20:00,41.4,41.4,41.32,41.4,900,0
2016-11-07,17:25:00,41.49,41.6191,41.47,41.6191,1200,0
2016-11-07,17:30:00,41.52,41.52,41.295,41.45,2500,0
2016-11-07,17:35:00,41.45,41.62,41.45,41.47,2600,0
2016-11-07,17:40:00,41.48,41.75,41.41,41.48,4800,0
2016-11-07,17:45:00,41.42,41.66,41.42,41.62,3583,0
2016-11-07,17:50:00,41.55,41.57,41.42,41.49,900,0
2016-11-07,17:55:00,41.49,41.63,41.49,41.51,18562,0
2016-11-07,18:00:00,41.5,41.55,41.37,41.44,19341,0
2016-11-07,18:05:00,41.475,41.54,41.4,41.52,18023,0
2016-11-07,18:10:00,41.57,41.83,41.57,41.83,3200,0
2016-11-07,18:15:00,41.76,41.85,41.58,41.85,2900,0
2016-11-07,18:20:00,41.792,41.84,41.6324,41.72,4944,0
2016-11-07,18:25:00,41.73,41.87,41.66,41.835,7800,0
2016-11-07,18:30:00,41.84,41.84,41.67,41.67,6150,0
2016-11-07,18:35:00,41.67,41.79,41.67,41.72,1900,0
2016-11-07,18:40:00,41.72,41.72,41.57,41.57,3200,0
2016-11-07,18:45:00,41.56,41.56,41.5,41.5,3300,0
2016-11-07,18:50:00,41.525,41.525,41.47,41.5,2850,0
2016-11-07,18:55:00,41.515,41.515,41.45,41.51,3000,0
2016-11-07,19:00:00,41.52,41.61,41.52,41.57,2900,0
2016-11-07,19:05:00,41.535,41.66,41.535,41.64,1000,0
2016-11-07,19:10:00,41.6,41.6,41.49,41.49,5096,0
2016-11-07,19:15:00,41.5,41.52,41.46,41.5,5300,0
2016-11-07,19:20:00,41.5,41.595,41.45,41.5,15062,0
2016-11-07,19:25:00,41.53,41.58,41.53,41.58,1355,0
2016-11-07,19:30:00,41.58,41.74,41.58,41.7,9383,0
2016-11-07,19:35:00,41.7,41.74,41.64,41.74,3250,0
2016-11-07,19:40:00,41.67,41.73,41.52,41.67,5288,0
2016-11-07,19:45:00,41.71,41.74,41.6584,41.74,2714,0
2016-11-07,19:50:00,41.71,41.72,41.58,41.58,1100,0
2016-11-07,19:55:00,41.67,41.71,41.6,41.64,4000,0
2016-11-07,20:00:00,41.6,41.625,41.33,41.36,15401,0
2016-11-07,20:05:00,41.41,41.5,41.35,41.385,3600,0
2016-11-07,20:10:00,41.385,41.4,41.32,41.35,3800,0
2016-11-07,20:15:00,41.33,41.42,41.25,41.25,10300,0
2016-11-07,20:20:00,41.31,41.355,41.28,41.335,1800,0
2016-11-07,20:25:00,41.35,41.37,41.27,41.35,2800,0
2016-11-07,20:30:00,41.44,41.565,41.38,41.565,3800,0
2016-11-07,20:35:00,41.6,41.69,41.55,41.69,1500,0
2016-11-07,20:40:00,41.645,41.645,41.54,41.555,3700,0
2016-11-07,20:45:00,41.52,41.54,41.42,41.5,6400,0
2016-11-07,20:50:00,41.51,41.64,41.51,41.64,1900,0
2016-11-07,20:55:00,41.635,41.68,41.61,41.66,3536,0
2016-11-07,21:00:00,41.67,41.72,41.601,41.7,3413,0
2016-11-07,21:05:00,41.71,41.76,41.65,41.73,3817,0
2016-11-07,21:10:00,41.705,41.8,41.63,41.73,6646,0
2016-11-07,21:15:00,41.72,41.76,41.57,41.61,18881,0
2016-11-07,21:20:00,41.59,41.75,41.59,41.75,3129,0
2016-11-07,21:25:00,41.7,41.7,41.52,41.67,6800,0
2016-11-07,21:30:00,41.68,41.76,41.67,41.7,4300,0
2016-11-07,21:35:00,41.74,41.79,41.63,41.68,13094,0
2016-11-07,21:40:00,41.71,41.79,41.71,41.76,6500,0
2016-11-07,21:45:00,41.76,41.82,41.65,41.81,9476,0
2016-11-07,21:50:00,41.82,41.94,41.82,41.93,12143,0
2016-11-07,21:55:00,41.93,42.24,41.925,42.22,16888,0
2016-11-07,22:00:00,42.17,42.205,41.89,42,97038,0
2016-11-08,15:35:00,41.67,42.13,41.5,41.9,31352,0
2016-11-08,15:40:00,41.785,41.785,40.69,40.76,4777,0
2016-11-08,15:45:00,40.8,41.3078,40.77,40.87,4953,0
2016-11-08,15:50:00,41.07,41.07,40.505,40.51,5963,0
2016-11-08,15:55:00,40.76,40.81,40.55,40.55,2197,0
2016-11-08,16:00:00,40.52,40.6,40.4,40.53,4698,0
2016-11-08,16:05:00,40.47,40.51,40.3975,40.45,3818,0
2016-11-08,16:10:00,40.43,40.52,40.28,40.28,7497,0
2016-11-08,16:15:00,40.37,40.53,40.26,40.52,1902,0
2016-11-08,16:20:00,40.54,40.99,40.54,40.79,1422,0
2016-11-08,16:25:00,40.84,40.85,40.57,40.57,11312,0
2016-11-08,16:30:00,40.56,40.695,40.55,40.69,2449,0
2016-11-08,16:35:00,40.65,40.65,40.47,40.53,9750,0
2016-11-08,16:40:00,40.51,40.71,40.45,40.67,5750,0
2016-11-08,16:45:00,40.66,40.75,40.62,40.75,8500,0
2016-11-08,16:50:00,40.79,40.95,40.79,40.89,4222,0
2016-11-08,16:55:00,40.88,40.88,40.628,40.628,3750,0
2016-11-08,17:00:00,40.7,40.8,40.7,40.74,1200,0
2016-11-08,17:05:00,40.752,40.752,40.68,40.68,500,0
2016-11-08,17:10:00,40.72,40.76,40.66,40.725,2000,0
2016-11-08,17:15:00,40.72,40.83,40.72,40.78,3500,0
2016-11-08,17:20:00,40.78,40.9,40.78,40.89,2300,0
2016-11-08,17:25:00,40.85,41.03,40.81,41,10289,0
2016-11-08,17:30:00,41.1,41.15,40.79,40.81,4135,0
2016-11-08,17:35:00,40.81,41.08,40.78,41.08,2830,0
2016-11-08,17:40:00,41.01,41.01,40.91,40.92,6025,0
2016-11-08,17:45:00,40.92,41.095,40.92,41.005,6775,0
2016-11-08,17:50:00,41,41.09,40.96,41.055,7300,0
2016-11-08,17:55:00,41.12,41.15,40.99,40.99,3100,0
2016-11-08,18:00:00,41.04,41.1,41.04,41.1,900,0
2016-11-08,18:05:00,41.18,41.57,41.18,41.44,2244,0
2016-11-08,18:10:00,41.43,41.48,41.3598,41.3598,1555,0
2016-11-08,18:15:00,41.34,41.57,41.31,41.5,3780,0
2016-11-08,18:20:00,41.59,41.87,41.59,41.8,2395,0
2016-11-08,18:25:00,41.81,41.9,41.75,41.84,2816,0
2016-11-08,18:30:00,41.78,41.79,41.6,41.6,1900,0
2016-11-08,18:35:00,41.64,41.64,41.415,41.415,2260,0
2016-11-08,18:40:00,41.395,41.47,41.39,41.47,700,0
2016-11-08,18:45:00,41.41,41.68,41.41,41.56,2547,0
2016-11-08,18:50:00,41.58,41.76,41.57,41.705,1300,0
2016-11-08,18:55:00,41.86,41.86,41.7,41.8,1059,0
2016-11-08,19:00:00,41.75,41.77,41.69,41.76,2200,0
2016-11-08,19:05:00,41.69,41.71,41.56,41.68,2300,0
2016-11-08,19:10:00,41.69,41.73,41.45,41.45,3100,0
2016-11-08,19:15:00,41.49,41.65,41.37,41.58,3768,0
2016-11-08,19:20:00,41.52,41.66,41.42,41.42,35950,0
2016-11-08,19:25:00,41.43,41.72,41.42,41.67,10090,0
2016-11-08,19:30:00,41.62,41.62,41.62,41.62,200,0
2016-11-08,19:35:00,41.59,41.7799,41.59,41.7799,2619,0
2016-11-08,19:40:00,41.82,41.82,41.72,41.8,2100,0
2016-11-08,19:45:00,41.87,41.87,41.76,41.76,1336,0
2016-11-08,19:50:00,41.75,41.75,41.67,41.685,1800,0
2016-11-08,19:55:00,41.69,41.71,41.57,41.7,3039,0
2016-11-08,20:00:00,41.72,41.72,41.4,41.495,2728,0
2016-11-08,20:05:00,41.4,41.43,41.36,41.43,2900,0
2016-11-08,20:10:00,41.48,41.49,41.36,41.36,1900,0
2016-11-08,20:15:00,41.28,41.28,41,41,9184,0
2016-11-08,20:20:00,41.01,41.01,40.8,40.92,17307,0
2016-11-08,20:25:00,40.93,41.08,40.85,41.05,12113,0
2016-11-08,20:30:00,41.05,41.115,41,41.09,7119,0
2016-11-08,20:35:00,41.06,41.08,40.81,40.81,4010,0
2016-11-08,20:40:00,40.85,40.97,40.825,40.885,4300,0
2016-11-08,20:45:00,40.85,41.055,40.85,40.9899,5169,0
2016-11-08,20:50:00,40.94,40.94,40.86,40.89,800,0
2016-11-08,20:55:00,40.915,41.0675,40.915,40.94,3800,0
2016-11-08,21:00:00,41,41.315,40.99,41.245,9838,0
2016-11-08,21:05:00,41.21,41.28,40.98,41.13,10116,0
2016-11-08,21:10:00,41.19,41.275,41.16,41.275,7935,0
2016-11-08,21:15:00,41.31,41.36,41.24,41.27,2047,0
2016-11-08,21:20:00,41.22,41.22,41.1903,41.1903,6372,0
2016-11-08,21:25:00,41.18,41.21,41.13,41.19,9896,0
2016-11-08,21:30:00,41.195,41.4,41.195,41.29,19138,0
2016-11-08,21:35:00,41.29,41.47,41.29,41.47,6331,0
2016-11-08,21:40:00,41.41,41.45,41.31,41.41,10365,0
2016-11-08,21:45:00,41.43,41.44,41.27,41.32,23543,0
2016-11-08,21:50:00,41.34,41.59,41.34,41.47,9100,0
2016-11-08,21:55:00,41.48,41.6,41.4,41.42,22660,0
2016-11-08,22:00:00,41.41,41.53,41.24,41.28,57841,0
2016-11-09,15:35:00,43.87,46.15,43.78,45.7875,23512,0
2016-11-09,15:40:00,46.15,46.72,44.5701,44.5801,22376,0
2016-11-09,15:45:00,44.8,45.91,44.785,45.54,27109,0
2016-11-09,15:50:00,45.05,45.85,45.03,45.49,22616,0
2016-11-09,15:55:00,45.75,47.575,45.74,47,17275,0
2016-11-09,16:00:00,47,47.375,45.96,46.56,16207,0
2016-11-09,16:05:00,46.3012,46.74,46.3012,46.6126,19711,0
2016-11-09,16:10:00,46.62,46.8,45.61,46.4695,21895,0
2016-11-09,16:15:00,46.48,46.5695,44.805,44.805,29342,0
2016-11-09,16:20:00,45,45.2134,44.36,44.66,14805,0
2016-11-09,16:25:00,44.65,45.25,44.46,45.25,7450,0
2016-11-09,16:30:00,45.14,45.63,45.14,45.33,3500,0
2016-11-09,16:35:00,45.33,45.43,45.17,45.17,2950,0
2016-11-09,16:40:00,45.2,45.2,44.86,44.99,11789,0
2016-11-09,16:45:00,45,45.25,44.91,45.12,2600,0
2016-11-09,16:50:00,45.1,45.265,45.075,45.16,2693,0
2016-11-09,16:55:00,45.2,45.44,45.16,45.3,4025,0
2016-11-09,17:00:00,45.31,45.63,45.31,45.58,2500,0
2016-11-09,17:05:00,45.505,45.64,45.34,45.5,5885,0
2016-11-09,17:10:00,45.51,45.62,45.36,45.36,10619,0
2016-11-09,17:15:00,45.46,45.57,45.36,45.45,6738,0
2016-11-09,17:20:00,45.51,45.56,45.43,45.48,16865,0
2016-11-09,17:25:00,45.48,45.55,45.33,45.51,11596,0
2016-11-09,17:30:00,45.54,45.58,45.46,45.53,6852,0
2016-11-09,17:35:00,45.56,45.805,45.49,45.76,10873,0
2016-11-09,17:40:00,45.77,46.12,45.77,46.02,7844,0
2016-11-09,17:45:00,46.03,46.11,45.75,46,5600,0
2016-11-09,17:50:00,46.04,46.25,46.04,46.1,8000,0
2016-11-09,17:55:00,46.15,46.215,46.07,46.18,3085,0
2016-11-09,18:00:00,46.13,46.15,45.69,46,15500,0
2016-11-09,18:05:00,46.08,46.14,45.66,45.78,8600,0
2016-11-09,18:10:00,45.78,45.92,45.66,45.78,4000,0
2016-11-09,18:15:00,45.78,46.1,45.77,46.1,12550,0
2016-11-09,18:20:00,46.1,46.1,45.79,45.92,6800,0
2016-11-09,18:25:00,45.93,46.05,45.93,45.94,5151,0
2016-11-09,18:30:00,45.985,46.09,45.83,46.06,4300,0
2016-11-09,18:35:00,46.08,46.2,45.93,46.05,4959,0
2016-11-09,18:40:00,46.11,46.2,46.03,46.12,10300,0
2016-11-09,18:45:00,46.13,46.17,45.94,46.07,31807,0
2016-11-09,18:50:00,46.07,46.11,45.99,46.0421,3715,0
2016-11-09,18:55:00,46.07,46.09,45.98,45.99,2700,0
2016-11-09,19:00:00,46.08,46.2,46.08,46.1621,3595,0
2016-11-09,19:05:00,46.13,46.2,46.01,46.03,3300,0
2016-11-09,19:10:00,46.03,46.06,45.81,45.85,9170,0
2016-11-09,19:15:00,45.82,46.15,45.81,46.15,3800,0
2016-11-09,19:20:00,46.21,46.21,45.79,45.835,4000,0
2016-11-09,19:25:00,45.81,45.87,45.49,45.57,3925,0
2016-11-09,19:30:00,45.59,45.95,45.59,45.84,10867,0
2016-11-09,19:35:00,45.8089,46.21,45.76,46.21,7500,0
2016-11-09,19:40:00,46.15,46.27,46.11,46.21,2745,0
2016-11-09,19:45:00,46.23,46.4,46.22,46.36,2940,0
2016-11-09,19:50:00,46.32,46.4,46.11,46.3,22549,0
2016-11-09,19:55:00,46.3,46.32,46.17,46.24,3900,0
2016-11-09,20:00:00,46.26,46.3,45.99,45.99,6435,0
2016-11-09,20:05:00,45.94,46.03,45.81,45.81,5900,0
2016-11-09,20:10:00,45.85,46.02,45.81,45.88,7207,0
2016-11-09,20:15:00,45.87,46.08,45.87,46.01,5848,0
2016-11-09,20:20:00,46.04,46.16,45.9,45.94,4548,0
2016-11-09,20:25:00,45.95,46.18,45.88,46.16,37238,0
2016-11-09,20:30:00,46.19,46.5,46.19,46.46,4385,0
2016-11-09,20:35:00,46.51,47.05,46.51,46.89,9566,0
2016-11-09,20:40:00,46.87,47.14,46.82,47.13,15896,0
2016-11-09,20:45:00,47.12,47.36,47.11,47.31,8293,0
2016-11-09,20:50:00,47.31,47.68,47.31,47.63,15783,0
2016-11-09,20:55:00,47.54,47.57,47.3,47.41,10213,0
2016-11-09,21:00:00,47.375,47.375,47.185,47.24,28830,0
2016-11-09,21:05:00,47.24,47.25,47.08,47.14,11564,0
2016-11-09,21:10:00,47.14,47.22,47.08,47.16,8400,0
2016-11-09,21:15:00,47.162,47.25,47.13,47.215,6800,0
2016-11-09,21:20:00,47.25,47.25,47.09,47.11,14835,0
2016-11-09,21:25:00,47.08,47.165,46.96,46.97,16689,0
2016-11-09,21:30:00,46.9,47.04,46.82,47.02,9935,0
2016-11-09,21:35:00,47,47.04,46.74,46.74,15945,0
2016-11-09,21:40:00,46.8,46.85,46.72,46.77,22979,0
2016-11-09,21:45:00,46.74,46.79,46.34,46.58,22403,0
2016-11-09,21:50:00,46.58,46.79,46.53,46.76,14328,0
2016-11-09,21:55:00,46.79,47.15,46.79,47.035,33857,0
2016-11-09,22:00:00,47.06,47.08,46.77,46.86,147841,0
2016-11-10,15:35:00,48,48.4118,46.59,47.99,21631,0
2016-11-10,15:40:00,47.99,48.5,47.67,47.7362,16783,0
2016-11-10,15:45:00,47.83,48.5,47.83,48.4,13645,0
2016-11-10,15:50:00,48.39,48.74,48.23,48.47,9950,0
2016-11-10,15:55:00,48.44,48.74,48,48.44,15487,0
2016-11-10,16:00:00,48.59,49.03,48.37,48.75,18800,0
2016-11-10,16:05:00,49.0099,49.11,48,48.26,19823,0
2016-11-10,16:10:00,48.48,48.78,48.28,48.43,10452,0
2016-11-10,16:15:00,48.28,48.42,47.71,47.9399,26372,0
2016-11-10,16:20:00,47.93,48.47,47.93,48.185,11198,0
2016-11-10,16:25:00,48.15,48.95,47.96,48.92,16579,0
2016-11-10,16:30:00,48.77,49.05,48.23,48.42,10682,0
2016-11-10,16:35:00,48.44,48.61,48.35,48.44,16244,0
2016-11-10,16:40:00,48.44,48.465,47.67,47.67,27060,0
2016-11-10,16:45:00,47.72,48.1,47.36,47.95,8188,0
2016-11-10,16:50:00,48.17,48.41,47.79,47.88,15028,0
2016-11-10,16:55:00,47.89,48.3,47.84,47.915,21518,0
2016-11-10,17:00:00,47.97,48.37,47.8188,48.37,8450,0
2016-11-10,17:05:00,48.24,48.39,48.03,48.33,7941,0
2016-11-10,17:10:00,48.32,48.68,48.32,48.58,11383,0
2016-11-10,17:15:00,48.46,48.96,48.25,48.95,12741,0
2016-11-10,17:20:00,48.97,49.02,48.4,48.56,12673,0
2016-11-10,17:25:00,48.7,48.9,48.69,48.9,4100,0
2016-11-10,17:30:00,48.91,49.2,48.84,49.16,15333,0
2016-11-10,17:35:00,49.17,49.2,48.85,48.85,7850,0
2016-11-10,17:40:00,48.81,48.98,48.53,48.64,6850,0
2016-11-10,17:45:00,48.56,49.14,48.51,49.08,21812,0
2016-11-10,17:50:00,49.13,49.19,48.85,48.85,23197,0
2016-11-10,17:55:00,48.89,49.19,48.81,48.99,9500,0
2016-11-10,18:00:00,49.1,49.14,48.73,49.14,11814,0
2016-11-10,18:05:00,49.04,49.18,48.94,49.015,6905,0
2016-11-10,18:10:00,49.09,49.2,48.89,48.92,11323,0
2016-11-10,18:15:00,48.91,49.33,48.85,49.28,12400,0
2016-11-10,18:20:00,49.195,49.32,48.98,49.17,7307,0
2016-11-10,18:25:00,49.1,49.35,49.1,49.31,8100,0
2016-11-10,18:30:00,49.35,49.53,49.26,49.51,9090,0
2016-11-10,18:35:00,49.487,49.53,49.487,49.51,1500,0
2016-11-10,18:40:00,49.53,49.55,49.24,49.34,5682,0
2016-11-10,18:45:00,49.24,49.5,49.18,49.5,900,0
2016-11-10,18:50:00,49.36,49.63,49.36,49.59,13877,0
2016-11-10,18:55:00,49.73,50,49.73,49.84,15204,0
2016-11-10,19:00:00,49.87,49.9,49.48,49.79,6278,0
2016-11-10,19:05:00,49.82,49.95,49.64,49.755,6903,0
2016-11-10,19:10:00,49.65,49.97,49.63,49.96,2700,0
2016-11-10,19:15:00,49.86,49.96,49.53,49.78,5585,0
2016-11-10,19:20:00,49.78,49.91,49.621,49.7,5915,0
2016-11-10,19:25:00,49.77,49.97,49.5,49.6,9514,0
2016-11-10,19:30:00,49.48,49.71,49.4,49.49,2396,0
2016-11-10,19:35:00,49.48,49.555,49.43,49.48,3100,0
2016-11-10,19:40:00,49.53,49.56,49.32,49.56,5504,0
2016-11-10,19:45:00,49.477,49.68,49.44,49.57,3200,0
2016-11-10,19:50:00,49.47,49.78,49.47,49.65,15701,0
2016-11-10,19:55:00,49.65,49.73,49.41,49.63,10269,0
2016-11-10,20:00:00,49.59,49.59,49.35,49.58,1700,0
2016-11-10,20:05:00,49.5,49.69,49.4183,49.65,2154,0
2016-11-10,20:10:00,49.63,49.63,49.15,49.1505,18223,0
2016-11-10,20:15:00,49.21,49.44,49.21,49.32,9452,0
2016-11-10,20:20:00,49.38,49.44,49.23,49.44,21319,0
2016-11-10,20:25:00,49.58,49.76,49.53,49.68,3100,0
2016-11-10,20:30:00,49.68,49.77,49.505,49.76,12250,0
2016-11-10,20:35:00,49.73,49.94,49.7,49.91,2127,0
2016-11-10,20:40:00,49.91,49.94,49.71,49.92,4431,0
2016-11-10,20:45:00,49.92,50,49.82,49.9,7976,0
2016-11-10,20:50:00,49.95,50.13,49.9,50.06,10140,0
2016-11-10,20:55:00,50.11,50.45,50.11,50.36,8012,0
2016-11-10,21:00:00,50.38,50.43,50.21,50.41,6399,0
2016-11-10,21:05:00,50.39,50.5,50.29,50.49,8638,0
2016-11-10,21:10:00,50.46,50.5,50.35,50.45,5365,0
2016-11-10,21:15:00,50.46,50.61,50.39,50.49,5900,0
2016-11-10,21:20:00,50.51,50.51,50.29,50.505,6267,0
2016-11-10,21:25:00,50.47,50.53,50.35,50.42,14698,0
2016-11-10,21:30:00,50.44,50.49,50.31,50.44,9150,0
2016-11-10,21:35:00,50.43,50.51,50.35,50.35,22127,0
2016-11-10,21:40:00,50.35,50.72,50.35,50.69,24095,0
2016-11-10,21:45:00,50.68,50.75,50.56,50.73,30688,0
2016-11-10,21:50:00,50.7247,50.74,50.57,50.69,28229,0
2016-11-10,21:55:00,50.72,51.37,50.615,51.23,51159,0
2016-11-10,22:00:00,51.24,51.81,50.92,51.08,185468,0
2016-11-11,15:35:00,50.07,50.79,50,50.41,13647,0
2016-11-11,15:40:00,50.3989,51.62,50.3989,51.075,19575,0
2016-11-11,15:45:00,51.06,52.27,50.99,52.16,15494,0
2016-11-11,15:50:00,52.16,52.37,51.55,52.17,12442,0
2016-11-11,15:55:00,52.23,52.29,51.5,51.5,18464,0
2016-11-11,16:00:00,51.85,52.37,51.5983,51.88,20528,0
2016-11-11,16:05:00,51.63,52.19,51.6,52.19,11137,0
2016-11-11,16:10:00,52.19,52.64,51.81,51.91,19802,0
2016-11-11,16:15:00,51.98,52.02,51.72,51.94,17795,0
2016-11-11,16:20:00,51.92,52.02,51.26,51.28,17557,0
2016-11-11,16:25:00,51.1044,51.77,51.1044,51.3,8208,0
2016-11-11,16:30:00,51.095,51.27,51,51.21,7700,0
2016-11-11,16:35:00,51.16,51.16,50.89,51.06,20508,0
2016-11-11,16:40:00,51.05,51.19,50.81,51.115,6406,0
2016-11-11,16:45:00,51.15,51.56,51.15,51.4767,21309,0
2016-11-11,16:50:00,51.48,51.61,51.375,51.44,10695,0
2016-11-11,16:55:00,51.36,51.36,51.17,51.17,7000,0
2016-11-11,17:00:00,51.1,51.1,50.51,50.69,23920,0
2016-11-11,17:05:00,50.64,50.84,50.5,50.84,7200,0
2016-11-11,17:10:00,50.82,50.833,50.5801,50.66,11800,0
2016-11-11,17:15:00,50.64,50.7,50.055,50.27,10439,0
2016-11-11,17:20:00,50.265,50.305,50.09,50.305,3950,0
2016-11-11,17:25:00,50.24,50.56,50.21,50.445,9685,0
2016-11-11,17:30:00,50.505,50.68,50.365,50.365,7303,0
2016-11-11,17:35:00,50.405,50.59,50.275,50.59,8264,0
2016-11-11,17:40:00,50.57,50.94,50.55,50.93,7000,0
2016-11-11,17:45:00,51.03,51.19,50.8,50.9,11852,0
2016-11-11,17:50:00,50.91,51.12,50.65,50.75,3600,0
2016-11-11,17:55:00,50.655,50.83,50.6,50.795,6400,0
2016-11-11,18:00:00,50.795,51.11,50.615,50.615,6837,0
2016-11-11,18:05:00,50.62,51.08,50.62,51.0725,2700,0
2016-11-11,18:10:00,51.13,51.29,51.06,51.09,6350,0
2016-11-11,18:15:00,51.135,51.3,51.04,51.3,4802,0
2016-11-11,18:20:00,51.23,51.58,51.23,51.3,3587,0
2016-11-11,18:25:00,51.2,51.35,51,51.2,7500,0
2016-11-11,18:30:00,51.165,51.17,51,51.17,2670,0
2016-11-11,18:35:00,51.25,51.31,51.18,51.29,2850,0
2016-11-11,18:40:00,51.215,51.35,51.215,51.26,2100,0
2016-11-11,18:45:00,51.45,51.66,51.34,51.36,6400,0
2016-11-11,18:50:00,51.36,51.53,51.34,51.388,5217,0
2016-11-11,18:55:00,51.34,51.41,51.16,51.35,2451,0
2016-11-11,19:00:00,51.33,51.33,51.075,51.11,4200,0
2016-11-11,19:05:00,51.17,51.5,51.17,51.4,10443,0
2016-11-11,19:10:00,51.43,51.73,51.43,51.73,4251,0
2016-11-11,19:15:00,51.81,52.185,51.77,51.99,5400,0
2016-11-11,19:20:00,52.02,52.25,51.94,52.2,6302,0
2016-11-11,19:25:00,52.16,52.37,52.0923,52.17,11047,0
2016-11-11,19:30:00,52.12,52.33,52.07,52.07,4300,0
2016-11-11,19:35:00,52.21,52.45,51.9,52.14,5447,0
2016-11-11,19:40:00,52.02,52.36,52.01,52.19,5298,0
2016-11-11,19:45:00,52.06,52.29,52.06,52.25,7710,0
2016-11-11,19:50:00,52.19,52.24,52,52.24,4976,0
2016-11-11,19:55:00,52.33,52.35,52.13,52.34,2350,0
2016-11-11,20:00:00,52.34,52.36,52.26,52.36,4900,0
2016-11-11,20:05:00,52.27,52.36,52.19,52.36,3650,0
2016-11-11,20:10:00,52.23,52.38,52.14,52.38,4750,0
2016-11-11,20:15:00,52.38,52.44,52.27,52.27,4645,0
2016-11-11,20:20:00,52.25,52.49,52.25,52.44,3266,0
2016-11-11,20:25:00,52.36,52.67,52.24,52.67,11001,0
2016-11-11,20:30:00,52.71,52.81,52.6,52.71,3600,0
2016-11-11,20:35:00,52.63,52.8,52.43,52.43,8200,0
2016-11-11,20:40:00,52.46,52.59,52.39,52.5,4908,0
2016-11-11,20:45:00,52.61,52.71,52.57,52.58,3300,0
2016-11-11,20:50:00,52.64,52.69,52.39,52.42,3600,0
2016-11-11,20:55:00,52.375,52.3825,52.23,52.27,3000,0
2016-11-11,21:00:00,52.32,52.36,52.14,52.17,6090,0
2016-11-11,21:05:00,52.12,52.33,52.12,52.33,7704,0
2016-11-11,21:10:00,52.37,52.39,52.18,52.28,8400,0
2016-11-11,21:15:00,52.2329,52.52,52.2329,52.495,8563,0
2016-11-11,21:20:00,52.54,52.57,52.385,52.45,6533,0
2016-11-11,21:25:00,52.47,52.55,52.39,52.48,4400,0
2016-11-11,21:30:00,52.49,52.6,52.43,52.58,5800,0
2016-11-11,21:35:00,52.55,52.86,52.55,52.83,10850,0
2016-11-11,21:40:00,52.87,52.87,52.59,52.59,12600,0
2016-11-11,21:45:00,52.57,52.87,52.56,52.76,8830,0
2016-11-11,21:50:00,52.87,52.87,52.69,52.79,14503,0
2016-11-11,21:55:00,52.79,53.0906,52.79,52.965,56752,0
2016-11-11,22:00:00,52.94,52.96,52.75,52.84,94697,0
2016-11-14,15:35:00,52.29,52.75,51.7601,52.48,14745,0
2016-11-14,15:40:00,52.73,52.76,52,52.17,11517,0
2016-11-14,15:45:00,52.05,52.5,51.605,52.33,16856,0
2016-11-14,15:50:00,52.5,52.5,52.2,52.5,5600,0
2016-11-14,15:55:00,52.5,52.8199,52.09,52.4456,17402,0
2016-11-14,16:00:00,52.625,52.81,52.43,52.5225,16155,0
2016-11-14,16:05:00,52.7,52.94,52.57,52.71,24888,0
2016-11-14,16:10:00,52.75,53.14,52.4265,53.045,10660,0
2016-11-14,16:15:00,53.15,53.3,52.97,53.155,16885,0
2016-11-14,16:20:00,53.15,53.15,52.89,52.985,13819,0
2016-11-14,16:25:00,53.08,53.38,53.035,53.27,59726,0
2016-11-14,16:30:00,53.26,53.36,53.04,53.15,25564,0
2016-11-14,16:35:00,53.15,53.57,53.14,53.34,41661,0
2016-11-14,16:40:00,53.39,54.395,53.39,53.92,20785,0
2016-11-14,16:45:00,53.95,54.22,53.88,53.98,5480,0
2016-11-14,16:50:00,53.88,53.95,53.5,53.84,7234,0
2016-11-14,16:55:00,53.95,53.96,53.66,53.78,10551,0
2016-11-14,17:00:00,53.86,53.92,53.53,53.66,10135,0
2016-11-14,17:05:00,53.68,53.74,53.33,53.33,5099,0
2016-11-14,17:10:00,53.32,53.7,53.245,53.53,10420,0
2016-11-14,17:15:00,53.545,53.66,53.51,53.65,8690,0
2016-11-14,17:20:00,53.64,53.76,53.5,53.55,12200,0
2016-11-14,17:25:00,53.49,53.49,53.12,53.1642,5000,0
2016-11-14,17:30:00,53.18,53.32,53.17,53.29,4900,0
2016-11-14,17:35:00,53.235,53.35,53.17,53.17,13485,0
2016-11-14,17:40:00,53.215,53.26,53.08,53.26,10648,0
2016-11-14,17:45:00,53.26,53.33,53.14,53.22,7900,0
2016-11-14,17:50:00,53.25,53.41,53.12,53.27,5260,0
2016-11-14,17:55:00,53.28,53.47,53.23,53.33,7200,0
2016-11-14,18:00:00,53.3,53.43,53.19,53.37,6700,0
2016-11-14,18:05:00,53.37,53.46,52.93,53.01,10414,0
2016-11-14,18:10:00,53.02,53.02,52.39,52.42,20027,0
2016-11-14,18:15:00,52.54,52.79,52.485,52.79,9313,0
2016-11-14,18:20:00,52.69,53.15,52.68,53.13,12700,0
2016-11-14,18:25:00,53.16,53.23,53.03,53.04,4100,0
2016-11-14,18:30:00,53.1,53.15,52.96,53.15,5600,0
2016-11-14,18:35:00,53.17,53.245,52.89,52.95,10300,0
2016-11-14,18:40:00,52.93,52.98,52.74,52.91,7090,0
2016-11-14,18:45:00,52.89,52.97,52.77,52.77,3400,0
2016-11-14,18:50:00,52.97,53.08,52.78,52.96,2700,0
2016-11-14,18:55:00,52.88,53.05,52.68,53.05,18473,0
2016-11-14,19:00:00,52.98,53.09,52.85,53.08,19930,0
2016-11-14,19:05:00,53.01,53.31,52.94,53.195,32908,0
2016-11-14,19:10:00,53.195,53.65,53.16,53.575,19093,0
2016-11-14,19:15:00,53.65,53.99,53.52,53.89,35259,0
2016-11-14,19:20:00,53.92,53.94,53.74,53.79,10050,0
2016-11-14,19:25:00,53.855,53.88,53.73,53.73,6600,0
2016-11-14,19:30:00,53.725,53.9,53.6,53.9,2965,0
2016-11-14,19:35:00,53.89,54.03,53.68,53.79,4552,0
2016-11-14,19:40:00,53.78,54.01,53.75,53.77,4510,0
2016-11-14,19:45:00,53.84,53.85,53.66,53.66,5227,0
2016-11-14,19:50:00,53.71,53.76,53.56,53.7153,5072,0
2016-11-14,19:55:00,53.77,53.91,53.73,53.82,6741,0
2016-11-14,20:00:00,53.845,53.89,53.63,53.725,9233,0
2016-11-14,20:05:00,53.82,53.86,53.7,53.7,5000,0
2016-11-14,20:10:00,53.7,53.82,53.7,53.75,5604,0
2016-11-14,20:15:00,53.775,53.82,53.69,53.75,5781,0
2016-11-14,20:20:00,53.75,53.79,53.68,53.74,5100,0
2016-11-14,20:25:00,53.7,53.77,53.66,53.74,6400,0
2016-11-14,20:30:00,53.74,53.77,53.55,53.71,6222,0
2016-11-14,20:35:00,53.75,53.76,53.41,53.53,3803,0
2016-11-14,20:40:00,53.42,53.62,53.42,53.48,7785,0
2016-11-14,20:45:00,53.46,53.75,53.44,53.72,6598,0
2016-11-14,20:50:00,53.66,53.8,53.61,53.69,5900,0
2016-11-14,20:55:00,53.77,53.8,53.66,53.8,5400,0
2016-11-14,21:00:00,53.79,53.91,53.7,53.85,7857,0
2016-11-14,21:05:00,53.75,53.99,53.68,53.87,7490,0
2016-11-14,21:10:00,53.84,53.96,53.75,53.86,3901,0
2016-11-14,21:15:00,53.79,53.91,53.73,53.91,5300,0
2016-11-14,21:20:00,53.97,54.07,53.86,53.99,7687,0
2016-11-14,21:25:00,53.94,54.06,53.87,54.06,4100,0
2016-11-14,21:30:00,54.01,54.04,53.93,54.04,2700,0
2016-11-14,21:35:00,54.02,54.11,53.89,54.1,8349,0
2016-11-14,21:40:00,54,54.24,53.99,54.1,14230,0
2016-11-14,21:45:00,54.07,54.07,53.75,53.82,11463,0
2016-11-14,21:50:00,53.79,54.06,53.73,53.99,7522,0
2016-11-14,21:55:00,54.07,54.18,53.94,54.1,11648,0
2016-11-14,22:00:00,54.04,54.4,54.04,54.27,92801,0
2016-11-15,15:35:00,54.06,54.06,53.22,53.22,8873,0
2016-11-15,15:40:00,53.27,54.09,53.2001,53.74,8825,0
2016-11-15,15:45:00,53.75,53.99,53.47,53.76,11295,0
2016-11-15,15:50:00,53.62,54.3,53.62,54.18,25628,0
2016-11-15,15:55:00,53.99,54.2195,53.99,54.085,12917,0
2016-11-15,16:00:00,54.11,54.29,53.87,54.02,7500,0
2016-11-15,16:05:00,54.12,54.98,54.11,54.83,7299,0
2016-11-15,16:10:00,54.98,55.36,54.97,55.04,23181,0
2016-11-15,16:15:00,55.17,55.32,54.37,54.38,21788,0
2016-11-15,16:20:00,54.23,55.07,54.15,54.3,20281,0
2016-11-15,16:25:00,54.35,54.83,54.18,54.48,25503,0
2016-11-15,16:30:00,54.47,54.47,54,54.05,22044,0
2016-11-15,16:35:00,54.16,54.39,54.03,54.16,12373,0
2016-11-15,16:40:00,54.13,54.55,54.1,54.395,7417,0
2016-11-15,16:45:00,54.4,54.64,54.3437,54.42,4192,0
2016-11-15,16:50:00,54.45,54.68,54.45,54.49,4436,0
2016-11-15,16:55:00,54.6,54.75,54.37,54.37,3452,0
2016-11-15,17:00:00,54.42,54.58,54.18,54.27,1757,0
2016-11-15,17:05:00,54.36,54.4,54.17,54.17,2600,0
2016-11-15,17:10:00,54.31,54.32,54.02,54.16,7500,0
2016-11-15,17:15:00,54.22,54.22,53.98,53.99,6551,0
2016-11-15,17:20:00,53.99,53.99,53.69,53.69,7771,0
2016-11-15,17:25:00,53.69,53.95,53.69,53.88,2800,0
2016-11-15,17:30:00,53.81,54.12,53.79,53.99,6858,0
2016-11-15,17:35:00,53.99,54.16,53.99,54.16,2000,0
2016-11-15,17:40:00,54.1896,54.4,54.1896,54.38,1632,0
2016-11-15,17:45:00,54.345,54.37,54.32,54.32,1300,0
2016-11-15,17:50:00,54.36,54.63,54.36,54.63,5067,0
2016-11-15,17:55:00,54.66,54.8,54.56,54.66,5165,0
2016-11-15,18:00:00,54.735,54.75,54.56,54.74,1900,0
2016-11-15,18:05:00,54.7,54.74,54.51,54.67,6464,0
2016-11-15,18:10:00,54.58,54.81,54.58,54.63,3900,0
2016-11-15,18:15:00,54.84,54.9,54.62,54.68,4720,0
2016-11-15,18:20:00,54.72,54.98,54.61,54.89,3700,0
2016-11-15,18:25:00,54.86,55.08,54.84,54.94,4381,0
2016-11-15,18:30:00,55.03,55.03,54.7,54.77,3600,0
2016-11-15,18:35:00,54.79,54.92,54.685,54.92,1500,0
2016-11-15,18:40:00,54.8,55,54.77,54.95,8095,0
2016-11-15,18:45:00,54.87,54.95,54.64,54.64,14631,0
2016-11-15,18:50:00,54.635,54.99,54.63,54.99,3900,0
2016-11-15,18:55:00,54.88,54.88,54.82,54.8775,1241,0
2016-11-15,19:00:00,54.94,54.94,54.77,54.825,4600,0
2016-11-15,19:05:00,54.91,54.96,54.83,54.9,15814,0
2016-11-15,19:10:00,54.91,55.05,54.89,54.89,10181,0
2016-11-15,19:15:00,54.87,55.02,54.87,55.02,9059,0
2016-11-15,19:20:00,54.99,55.09,54.94,55.09,11792,0
2016-11-15,19:25:00,55.14,55.435,55.13,55.43,3957,0
2016-11-15,19:30:00,55.45,55.89,55.23,55.3395,40388,0
2016-11-15,19:35:00,55.34,55.76,55.34,55.75,4850,0
2016-11-15,19:40:00,55.765,55.8868,55.66,55.8868,10100,0
2016-11-15,19:45:00,55.83,55.96,55.72,55.78,3845,0
2016-11-15,19:50:00,55.81,55.83,55.8,55.83,703,0
2016-11-15,19:55:00,55.71,55.87,55.71,55.81,5530,0
2016-11-15,20:00:00,55.79,55.79,55.18,55.77,17325,0
2016-11-15,20:05:00,55.82,55.97,55.71,55.77,3550,0
2016-11-15,20:10:00,55.84,55.89,55.74,55.74,1600,0
2016-11-15,20:15:00,55.75,55.89,55.59,55.705,6101,0
2016-11-15,20:20:00,55.78,55.78,55.78,55.78,100,0
2016-11-15,20:25:00,55.78,55.78,55.51,55.57,9745,0
2016-11-15,20:30:00,55.53,55.59,55.45,55.45,8445,0
2016-11-15,20:35:00,55.48,55.59,55.44,55.44,4756,0
2016-11-15,20:40:00,55.455,55.59,55.45,55.52,5828,0
2016-11-15,20:45:00,55.545,55.55,55.27,55.355,4012,0
2016-11-15,20:50:00,55.3,55.46,55.075,55.08,3811,0
2016-11-15,20:55:00,55.1,55.2,55.08,55.2,13783,0
2016-11-15,21:00:00,55.2,55.36,55.12,55.12,6806,0
2016-11-15,21:05:00,55.155,55.34,55.06,55.25,3301,0
2016-11-15,21:10:00,55.23,55.23,55.03,55.08,5600,0
2016-11-15,21:15:00,55.14,55.15,54.99,55.01,2900,0
2016-11-15,21:20:00,55.01,55.11,54.99,55.01,4543,0
2016-11-15,21:25:00,54.99,55.19,54.97,55.1,3600,0
2016-11-15,21:30:00,55.08,55.21,55.03,55.09,3300,0
2016-11-15,21:35:00,55.05,55.1,54.98,55.005,4315,0
2016-11-15,21:40:00,55.06,55.26,54.97,55.26,8288,0
2016-11-15,21:45:00,55.24,55.34,55.17,55.3,9217,0
2016-11-15,21:50:00,55.3,55.3,54.95,54.96,6300,0
2016-11-15,21:55:00,55.04,55.15,54.85,54.9,17844,0
2016-11-15,22:00:00,54.9,54.93,54.68,54.9,71071,0
2016-11-16,15:35:00,54.85,54.89,54.15,54.89,12101,0
2016-11-16,15:40:00,54.8085,55.17,54.7338,55.17,5885,0
2016-11-16,15:45:00,55.11,55.6,54.77,54.94,8868,0
2016-11-16,15:50:00,55.05,55.1,54.74,54.84,8527,0
2016-11-16,15:55:00,54.67,54.825,54.67,54.825,200,0
2016-11-16,16:00:00,54.79,55.1,54.77,55.055,19750,0
2016-11-16,16:05:00,55.05,55.29,54.81,55.29,4050,0
2016-11-16,16:10:00,55.29,55.83,55.29,55.73,11966,0
2016-11-16,16:15:00,55.78,55.94,55.44,55.44,36947,0
2016-11-16,16:20:00,55.4,55.57,55.38,55.53,10254,0
2016-11-16,16:25:00,55.53,55.57,55.35,55.5,8500,0
2016-11-16,16:30:00,55.5441,55.62,55.45,55.53,1000,0
2016-11-16,16:35:00,55.43,55.52,55.04,55.145,20647,0
2016-11-16,16:40:00,55.15,55.25,54.41,55.05,32300,0
2016-11-16,16:45:00,55.04,55.15,54.72,54.9,21024,0
2016-11-16,16:50:00,54.8859,54.97,54.8,54.9,6300,0
2016-11-16,16:55:00,54.855,54.92,54.81,54.885,13026,0
2016-11-16,17:00:00,54.87,54.9,54.29,54.29,29167,0
2016-11-16,17:05:00,54.29,54.39,54.08,54.1,17319,0
2016-11-16,17:10:00,54.11,54.78,54.075,54.555,19239,0
2016-11-16,17:15:00,54.645,54.72,54.51,54.63,2488,0
2016-11-16,17:20:00,54.63,54.66,54.36,54.37,1700,0
2016-11-16,17:25:00,54.38,54.47,54.18,54.31,6217,0
2016-11-16,17:30:00,54.42,54.64,54.33,54.64,3700,0
2016-11-16,17:35:00,54.69,54.69,54.505,54.68,1700,0
2016-11-16,17:40:00,54.76,54.79,54.38,54.43,7842,0
2016-11-16,17:45:00,54.47,54.54,54.42,54.47,3100,0
2016-11-16,17:50:00,54.31,54.47,54.18,54.3,8371,0
2016-11-16,17:55:00,54.26,54.38,54.17,54.2,5114,0
2016-11-16,18:00:00,54.215,54.37,54.215,54.3,2506,0
2016-11-16,18:05:00,54.21,54.28,54.03,54.09,10108,0
2016-11-16,18:10:00,54.14,54.24,54.09,54.1387,2550,0
2016-11-16,18:15:00,54.15,54.2,53.9,54.075,8487,0
2016-11-16,18:20:00,54.18,54.19,54.04,54.04,5000,0
2016-11-16,18:25:00,54.02,54.09,53.99,54.015,600,0
2016-11-16,18:30:00,53.96,54.23,53.96,54.23,5900,0
2016-11-16,18:35:00,54.2,54.4,54.2,54.4,2100,0
2016-11-16,18:40:00,54.34,54.36,54.09,54.09,1800,0
2016-11-16,18:45:00,54.06,54.23,53.96,54.23,3500,0
2016-11-16,18:50:00,54.2,54.2,53.89,53.89,6893,0
2016-11-16,18:55:00,53.94,54.1,53.92,53.98,2605,0
2016-11-16,19:00:00,53.99,54.11,53.78,53.78,3297,0
2016-11-16,19:05:00,53.84,53.94,53.805,53.805,3700,0
2016-11-16,19:10:00,53.93,53.99,53.75,53.81,9844,0
2016-11-16,19:15:00,53.81,53.96,53.81,53.82,3575,0
2016-11-16,19:20:00,53.95,53.95,53.83,53.92,2100,0
2016-11-16,19:25:00,53.85,53.93,53.73,53.865,25222,0
2016-11-16,19:30:00,53.86,54.21,53.81,54.17,15706,0
2016-11-16,19:35:00,54.14,54.24,54.04,54.12,2200,0
2016-11-16,19:40:00,54.14,54.39,54.14,54.39,4400,0
2016-11-16,19:45:00,54.36,54.36,54.11,54.23,3100,0
2016-11-16,19:50:00,54.19,54.19,54.011,54.011,1500,0
2016-11-16,19:55:00,54.03,54.05,53.97,54.05,4049,0
2016-11-16,20:00:00,53.97,54.03,53.8305,54.01,8783,0
2016-11-16,20:05:00,53.95,53.95,53.66,53.66,4150,0
2016-11-16,20:10:00,53.68,53.805,53.68,53.7,8357,0
2016-11-16,20:15:00,53.64,53.665,53.18,53.42,24027,0
2016-11-16,20:20:00,53.52,53.87,53.515,53.7,19300,0
2016-11-16,20:25:00,53.74,53.87,53.685,53.77,3397,0
2016-11-16,20:30:00,53.715,53.89,53.6505,53.87,4910,0
2016-11-16,20:35:00,53.8,53.8,53.61,53.63,2900,0
2016-11-16,20:40:00,53.63,53.74,53.63,53.63,2800,0
2016-11-16,20:45:00,53.62,53.82,53.615,53.82,13200,0
2016-11-16,20:50:00,53.86,53.95,53.76,53.8,27700,0
2016-11-16,20:55:00,53.86,53.99,53.8,53.8,10770,0
2016-11-16,21:00:00,53.795,53.99,53.75,53.98,6057,0
2016-11-16,21:05:00,53.97,54.075,53.83,53.83,5200,0
2016-11-16,21:10:00,53.8,53.89,53.68,53.74,14649,0
2016-11-16,21:15:00,53.74,53.79,53.71,53.74,13031,0
2016-11-16,21:20:00,53.74,53.74,53.3,53.3,17004,0
2016-11-16,21:25:00,53.31,53.31,52.92,52.92,11903,0
2016-11-16,21:30:00,52.96,52.96,52.55,52.55,12347,0
2016-11-16,21:35:00,52.56,52.61,52.31,52.43,43603,0
2016-11-16,21:40:00,52.43,52.585,52.34,52.57,13365,0
2016-11-16,21:45:00,52.55,52.66,52.45,52.64,25690,0
2016-11-16,21:50:00,52.64,52.64,52.5,52.54,12930,0
2016-11-16,21:55:00,52.6,52.63,52.44,52.48,13086,0
2016-11-16,22:00:00,52.45,52.52,52.2975,52.48,78830,0
